 2601.000 1 16 25.88sec 0.00
 2601.000 1 12 31.00sec 0.00
 2601.000 1 8 44.26sec 0.00
 2601.000 1 4 84.62sec 0.00
 2601.000 2 16 16.67sec 6.72
 2601.000 2 12 15.91sec 0.70
 2601.000 2 8 22.51sec 0.94
 2601.000 2 4 42.47sec 0.07
 2601.000 4 16 8.37sec 3.62
 2601.000 4 12 8.49sec 5.87
 2601.000 4 8 11.35sec 1.05
 2601.000 4 4 21.28sec 0.34
 2601.000 8 16 4.24sec 3.86
 2601.000 8 12 3.28sec 2.15
 2601.000 8 8 5.70sec 1.41
 2601.000 8 4 10.75sec 1.31
 2601.000 16 16 2.15sec 4.17
 2601.000 16 12 1.70sec 4.66
 2601.000 16 8 2.88sec 2.36
 2601.000 16 4 5.42sec 1.83
 2601.000 32 16 0.44sec 99.02
 2601.000 32 12 0.03sec 88.75
 2601.000 32 8 1.50sec 5.29
 2601.000 32 4 2.81sec 4.64
 2601.000 64 16 0.45sec 99.17
 2601.000 64 12 0.03sec 90.05
 2601.000 64 8 0.06sec 93.58
 2601.000 64 4 1.43sec 6.60
 2601.000 128 16 1.43sec 99.74
 2601.000 128 12 0.04sec 90.97
 2601.000 128 8 0.04sec 90.94
 2601.000 128 4 0.04sec 91.04
